5.737373737373737903e+00 0.000000000000000000e+00 0.000000000000000000e+00 2.612291961392137409e+02
5.818181818181818343e+00 0.000000000000000000e+00 0.000000000000000000e+00 7.774916773446487639e+01
5.898989898989899672e+00 0.000000000000000000e+00 0.000000000000000000e+00 -4.642161848430452409e+01
5.979797979797980112e+00 0.000000000000000000e+00 0.000000000000000000e+00 -1.288600784300161024e+02
6.060606060606061440e+00 0.000000000000000000e+00 0.000000000000000000e+00 -1.817664510663630608e+02
6.141414141414141881e+00 0.000000000000000000e+00 0.000000000000000000e+00 -2.136848676800394458e+02
6.222222222222222321e+00 0.000000000000000000e+00 0.000000000000000000e+00 -2.306652931582239603e+02
6.303030303030303649e+00 0.000000000000000000e+00 0.000000000000000000e+00 -2.370443826601384103e+02
6.383838383838384090e+00 0.000000000000000000e+00 0.000000000000000000e+00 -2.359689904776500384e+02
6.464646464646465418e+00 0.000000000000000000e+00 0.000000000000000000e+00 -2.297475206372822640e+02
